502.46
214.73
491.57
159.51
491.57
152.33
485.9
263.57
269.04
332.92
218.56
143.51
231.59
384.93
236.44
491.57
456.2
300.71
487.74
397.63
395.71
181.47
314.48
227.26
443.51
275.62
320.52
240.98
267.55
442.37
327.94
383.45
381.37
267.66
231.59
225.25
339.88
149.92
379.43
335.31
158.66
280.1
223.29
296.36
166.96
172.83
506.53
226.41
300.71
334.01
456.2
363.11
199.83
456.2
363.11
347.02
506.53
356.7
162.41
456.2
167.43
221.39
322.64
225.14
442.37
306.07
313.04
418.67
506.53
506.53
332.92
309.86
160.89
491.57
231.63
387.95
215.53
395.71
383.45
231.61
220.43
231.63
231.63
214.73
298.66
450.28
284.9
214.22
227.07
319.09
250.25
344.59
387.95
225.31
300.66
293.94
352.42
275.7
278.08
338.16
823.71
1469.2
777.96
1614.51
1183.54
601.32
1455.68
1396.59
721.12
1387.85
712.86
1560.95
1418.79
1607.98
1460.69
1465.19
766.33
714.74
1160.11
